0 0.019786 0.465812 0.039572 0.538462
0 0.060428 0.632479 0.037433 0.683761
0 0.103209 0.589744 0.007487 0.803419
0 0.147594 0.589744 0.029947 0.376068
0 0.209091 0.388889 0.056684 0.777778
0 0.254545 0.384615 0.014973 0.769231
0 0.349198 0.547009 0.078075 0.683761
0 0.429947 0.512821 0.051337 0.598291
0 0.480214 0.384615 0.008556 0.666667
0 0.517647 0.679487 0.017112 0.435897
0 0.551872 0.414530 0.029947 0.589744
0 0.612834 0.384615 0.014973 0.529915
0 0.642781 0.252137 0.008556 0.504274
0 0.772193 0.521368 0.115508 0.923077
0 0.842246 0.324786 0.020321 0.564103
0 0.935829 0.658120 0.047059 0.478632
0 0.985027 0.337607 0.027807 0.641026