0 0.042897 0.615044 0.085795 0.752212
0 0.122363 0.641593 0.067511 0.681416
0 0.208861 0.389381 0.009845 0.601770
0 0.270042 0.535398 0.030942 0.274336
0 0.352321 0.495575 0.052039 0.584071
0 0.407173 0.628319 0.023910 0.283186
0 0.563291 0.646018 0.068917 0.530973
0 0.635021 0.676991 0.012658 0.327434
0 0.698312 0.371681 0.026723 0.743363
0 0.774965 0.407080 0.008439 0.601770
0 0.815752 0.597345 0.008439 0.787611
0 0.858650 0.792035 0.071730 0.398230
0 0.957103 0.491150 0.035162 0.646018
0 0.992968 0.491150 0.011252 0.646018