0 0.032798 0.583333 0.065596 0.444444
0 0.121821 0.305556 0.010710 0.611111
0 0.162651 0.537037 0.028112 0.777778
0 0.219545 0.537037 0.080321 0.777778
0 0.295850 0.384259 0.013387 0.509259
0 0.332664 0.356481 0.006693 0.453704
0 0.416332 0.689815 0.056225 0.601852
0 0.471888 0.652778 0.009371 0.675926
0 0.534806 0.532407 0.025435 0.712963
0 0.597055 0.481481 0.005355 0.888889
0 0.627175 0.532407 0.049531 0.805556
0 0.707497 0.481481 0.012048 0.203704
0 0.752343 0.472222 0.016064 0.944444
0 0.825971 0.611111 0.050870 0.518519
0 0.866801 0.537037 0.025435 0.259259
0 0.912985 0.648148 0.005355 0.500000
0 0.975904 0.476852 0.045515 0.398148