0 0.028671 0.477778 0.057343 0.800000
0 0.120280 0.405556 0.053147 0.811111
0 0.190210 0.377778 0.016783 0.755556
0 0.267832 0.416667 0.046154 0.611111
0 0.320979 0.494444 0.004196 0.988889
0 0.351748 0.366667 0.009790 0.622222
0 0.437762 0.527778 0.030769 0.566667
0 0.509091 0.494444 0.005594 0.988889
0 0.546853 0.522222 0.005594 0.266667
0 0.595804 0.488889 0.041958 0.488889
0 0.667133 0.450000 0.047552 0.700000
0 0.833566 0.744444 0.050350 0.488889
0 0.923776 0.394444 0.006993 0.611111
0 0.977622 0.566667 0.041958 0.422222