0 0.035971 0.702020 0.071942 0.575758
0 0.094424 0.313131 0.030576 0.484848
0 0.160971 0.409091 0.070144 0.818182
0 0.241906 0.530303 0.044964 0.636364
0 0.286871 0.383838 0.012590 0.525253
0 0.314748 0.348485 0.017986 0.515152
0 0.401079 0.621212 0.032374 0.636364
0 0.464029 0.454545 0.046763 0.585859
0 0.502698 0.530303 0.008993 0.898990
0 0.547662 0.646465 0.030576 0.444444
0 0.599820 0.555556 0.034173 0.585859
0 0.639388 0.373737 0.023381 0.525253
0 0.758094 0.666667 0.066547 0.545455
0 0.830036 0.479798 0.026978 0.313131
0 0.877698 0.570707 0.028777 0.535354
0 0.958633 0.429293 0.079137 0.434343