0 0.018803 0.337079 0.037607 0.606742
0 0.057265 0.623596 0.032479 0.438202
0 0.105983 0.353933 0.010256 0.617978
0 0.156410 0.528090 0.025641 0.561798
0 0.219658 0.348315 0.052991 0.696629
0 0.276068 0.415730 0.008547 0.674157
0 0.371795 0.550562 0.049573 0.561798
0 0.426496 0.573034 0.025641 0.831461
0 0.452137 0.432584 0.018803 0.550562
0 0.528205 0.707865 0.044444 0.561798
0 0.581197 0.432584 0.037607 0.617978
0 0.628205 0.432584 0.015385 0.617978
0 0.660684 0.466292 0.022222 0.573034
0 0.778632 0.679775 0.107692 0.595506
0 0.847863 0.426966 0.023932 0.651685
0 0.909402 0.747191 0.058120 0.460674
0 0.970085 0.455056 0.056410 0.640449