0 0.026224 0.494898 0.052448 0.846939
0 0.072552 0.285714 0.029720 0.510204
0 0.149476 0.362245 0.071678 0.724490
0 0.225524 0.510204 0.052448 0.653061
0 0.270105 0.357143 0.015734 0.510204
0 0.309441 0.382653 0.020979 0.561224
0 0.394231 0.709184 0.029720 0.561224
0 0.450175 0.607143 0.033217 0.520408
0 0.520105 0.479592 0.040210 0.571429
0 0.562063 0.331633 0.012238 0.438776
0 0.591783 0.658163 0.033217 0.418367
0 0.637238 0.520408 0.029720 0.591837
0 0.668706 0.336735 0.019231 0.551020
0 0.773601 0.627551 0.050699 0.540816
0 0.831294 0.438776 0.015734 0.326531
0 0.879371 0.556122 0.034965 0.561224
0 0.967657 0.413265 0.061189 0.418367