0 0.065700 0.664894 0.131399 0.627660
0 0.186007 0.734043 0.054608 0.510638
0 0.244881 0.388298 0.022184 0.670213
0 0.334471 0.569149 0.027304 0.308511
0 0.450512 0.457447 0.040956 0.510638
0 0.510239 0.526596 0.034130 0.457447
0 0.624573 0.500000 0.037543 0.808511
0 0.666382 0.686170 0.039249 0.542553
0 0.719283 0.356383 0.046075 0.712766
0 0.773038 0.425532 0.013652 0.595745
0 0.849829 0.531915 0.027304 0.914894
0 0.887372 0.760638 0.040956 0.457447
0 0.947952 0.505319 0.022184 0.457447
0 0.991468 0.484043 0.013652 0.606383