0 0.020221 0.618750 0.040441 0.737500
0 0.072610 0.331250 0.023897 0.612500
0 0.147059 0.550000 0.025735 0.600000
0 0.191176 0.293750 0.011029 0.537500
0 0.226103 0.312500 0.007353 0.625000
0 0.255515 0.293750 0.018382 0.587500
0 0.343750 0.368750 0.044118 0.562500
0 0.392463 0.587500 0.031250 0.650000
0 0.439338 0.537500 0.033088 0.575000
0 0.500000 0.350000 0.036765 0.650000
0 0.556066 0.656250 0.049632 0.662500
0 0.631434 0.668750 0.056985 0.587500
0 0.689338 0.606250 0.025735 0.762500
0 0.812500 0.475000 0.117647 0.950000
0 0.900735 0.468750 0.044118 0.937500
0 0.932904 0.318750 0.012868 0.637500
0 0.977941 0.462500 0.040441 0.375000