0 0.031866 0.654639 0.063733 0.628866
0 0.113809 0.319588 0.030349 0.556701
0 0.174507 0.355670 0.018209 0.587629
0 0.258725 0.324742 0.065250 0.649485
0 0.378604 0.675258 0.044006 0.628866
0 0.423369 0.541237 0.039454 0.360825
0 0.503035 0.427835 0.016692 0.567010
0 0.581942 0.536082 0.056146 0.371134
0 0.637329 0.422680 0.009105 0.515464
0 0.671472 0.417526 0.007587 0.587629
0 0.748862 0.489691 0.059181 0.835052
0 0.837633 0.489691 0.060698 0.731959
0 0.924127 0.489691 0.006070 0.298969
0 0.978756 0.448454 0.039454 0.340206