0 0.058333 0.635870 0.116667 0.684783
0 0.163636 0.646739 0.039394 0.510870
0 0.220455 0.391304 0.010606 0.608696
0 0.287121 0.505435 0.025758 0.380435
0 0.397727 0.423913 0.046970 0.565217
0 0.490152 0.467391 0.050000 0.500000
0 0.571970 0.326087 0.031818 0.652174
0 0.619697 0.483696 0.006061 0.858696
0 0.666667 0.407609 0.027273 0.684783
0 0.740909 0.418478 0.012121 0.684783
0 0.796212 0.630435 0.007576 0.260870
0 0.842424 0.771739 0.063636 0.434783
0 0.912121 0.668478 0.027273 0.336957
0 0.952273 0.532609 0.010606 0.478261
0 0.992424 0.592391 0.012121 0.576087