0 0.051929 0.641975 0.103858 0.691358
0 0.153561 0.759259 0.048961 0.456790
0 0.207715 0.382716 0.008902 0.666667
0 0.278190 0.524691 0.031157 0.407407
0 0.371662 0.438272 0.054896 0.629630
0 0.452522 0.475309 0.044510 0.580247
0 0.538576 0.314815 0.020772 0.629630
0 0.609792 0.506173 0.011869 0.962963
0 0.661721 0.401235 0.032641 0.777778
0 0.726261 0.351852 0.010386 0.703704
0 0.791543 0.567901 0.010386 0.345679
0 0.843472 0.722222 0.060831 0.530864
0 0.916172 0.604938 0.022255 0.345679
0 0.959941 0.425926 0.011869 0.629630
0 0.991840 0.487654 0.013353 0.703704