0 0.039683 0.693548 0.079365 0.591398
0 0.090909 0.473118 0.017316 0.903226
0 0.163059 0.322581 0.034632 0.645161
0 0.207792 0.301075 0.005772 0.602151
0 0.242424 0.338710 0.008658 0.548387
0 0.266234 0.344086 0.012987 0.602151
0 0.335498 0.338710 0.018759 0.634409
0 0.378066 0.596774 0.014430 0.483871
0 0.423521 0.650538 0.010101 0.548387
0 0.469697 0.424731 0.021645 0.634409
0 0.531746 0.736559 0.056277 0.505376
0 0.620491 0.677419 0.049062 0.580645
0 0.675325 0.655914 0.008658 0.623656
0 0.759740 0.575269 0.059163 0.827957
0 0.829004 0.634409 0.053391 0.709677
0 0.906926 0.478495 0.007215 0.591398
0 0.975469 0.607527 0.046176 0.397849