0 0.030528 0.337079 0.061056 0.674157
0 0.165842 0.634831 0.014851 0.505618
0 0.200495 0.584270 0.011551 0.539326
0 0.277228 0.730337 0.112211 0.516854
0 0.363861 0.567416 0.011551 0.258427
0 0.428218 0.573034 0.031353 0.382022
0 0.477723 0.466292 0.011551 0.528090
0 0.518152 0.494382 0.006601 0.561798
0 0.618812 0.415730 0.062706 0.764045
0 0.745875 0.516854 0.029703 0.741573
0 0.807756 0.578652 0.014851 0.550562
0 0.897690 0.719101 0.029703 0.337079
0 0.958746 0.612360 0.013201 0.528090
0 0.989274 0.584270 0.018152 0.629213