0 0.035053 0.559829 0.070106 0.521368
0 0.124339 0.273504 0.013228 0.444444
0 0.220899 0.410256 0.058201 0.786325
0 0.266534 0.410256 0.027778 0.820513
0 0.287037 0.478632 0.007937 0.615385
0 0.314153 0.324786 0.011905 0.376068
0 0.383598 0.581197 0.042328 0.649573
0 0.468915 0.512821 0.011905 0.393162
0 0.519841 0.435897 0.039683 0.376068
0 0.570767 0.521368 0.022487 0.683761
0 0.610450 0.641026 0.051587 0.461538
0 0.658730 0.564103 0.005291 0.427350
0 0.687831 0.371795 0.013228 0.367521
0 0.784392 0.542735 0.089947 0.623932
0 0.882275 0.431624 0.013228 0.264957
0 0.929233 0.581197 0.009259 0.410256
0 0.976852 0.448718 0.043651 0.316239