0 0.023058 0.408163 0.046117 0.571429
0 0.137136 0.505102 0.012136 0.948980
0 0.179612 0.397959 0.009709 0.551020
0 0.220267 0.591837 0.018204 0.510204
0 0.299150 0.392857 0.032767 0.785714
0 0.327670 0.500000 0.007282 0.571429
0 0.376820 0.479592 0.052184 0.571429
0 0.458131 0.494898 0.023058 0.622449
0 0.502427 0.413265 0.014563 0.520408
0 0.566748 0.596939 0.007282 0.214286
0 0.604976 0.443878 0.018204 0.642857
0 0.652913 0.556122 0.009709 0.459184
0 0.672937 0.576531 0.008495 0.561224
0 0.787015 0.535714 0.120146 0.908163
0 0.904126 0.433673 0.012136 0.704082
0 0.939927 0.551020 0.054612 0.877551
0 0.986650 0.397959 0.024272 0.551020