0 0.030697 0.473118 0.061393 0.666667
0 0.142857 0.618280 0.009445 0.268817
0 0.183589 0.489247 0.010626 0.569892
0 0.218418 0.440860 0.023613 0.881720
0 0.278630 0.526882 0.028335 0.602151
0 0.308146 0.430108 0.011806 0.537634
0 0.383117 0.564516 0.050767 0.677419
0 0.456316 0.473118 0.017710 0.752688
0 0.496458 0.456989 0.015348 0.591398
0 0.545455 0.650538 0.007084 0.333333
0 0.586777 0.424731 0.011806 0.784946
0 0.619835 0.559140 0.007084 0.580645
0 0.646989 0.483871 0.007084 0.623656
0 0.750885 0.634409 0.110980 0.709677
0 0.858914 0.381720 0.012987 0.698925
0 0.916765 0.655914 0.062574 0.666667
0 0.988194 0.327957 0.021251 0.655914