0 0.010302 0.517699 0.020604 0.823009
0 0.059066 0.464602 0.010989 0.929204
0 0.133929 0.433628 0.042582 0.584071
0 0.202610 0.455752 0.006868 0.274336
0 0.230769 0.331858 0.010989 0.575221
0 0.262363 0.367257 0.010989 0.504425
0 0.349588 0.393805 0.072802 0.486726
0 0.439560 0.539823 0.008242 0.477876
0 0.521978 0.601770 0.010989 0.477876
0 0.561813 0.535398 0.027473 0.876106
0 0.596154 0.535398 0.035714 0.876106
0 0.651099 0.663717 0.041209 0.530973
0 0.704670 0.623894 0.016484 0.575221
0 0.776786 0.535398 0.103022 0.911504
0 0.860577 0.592920 0.059066 0.761062
0 0.927198 0.610619 0.005495 0.300885
0 0.982143 0.575221 0.032967 0.336283