0 0.043210 0.291209 0.086420 0.560440
0 0.165295 0.423077 0.004115 0.274725
0 0.189300 0.318681 0.013717 0.593407
0 0.213306 0.329670 0.009602 0.659341
0 0.283951 0.450549 0.030178 0.439560
0 0.420439 0.510989 0.045267 0.494505
0 0.466392 0.505495 0.013717 0.571429
0 0.492455 0.406593 0.019204 0.769231
0 0.548011 0.516484 0.037037 0.945055
0 0.652949 0.626374 0.035665 0.417582
0 0.700274 0.571429 0.020576 0.703297
0 0.792867 0.736264 0.041152 0.505495
0 0.868999 0.802198 0.023320 0.373626
0 0.923182 0.620879 0.010974 0.736264
0 0.969822 0.626374 0.057613 0.725275