0 0.096819 0.559406 0.193638 0.742574
0 0.213001 0.643564 0.033195 0.574257
0 0.260719 0.326733 0.009682 0.653465
0 0.320194 0.381188 0.029046 0.405941
0 0.408022 0.351485 0.055325 0.702970
0 0.471646 0.386139 0.044260 0.574257
0 0.572614 0.381188 0.091286 0.524752
0 0.665284 0.603960 0.013831 0.495050
0 0.713693 0.391089 0.027663 0.643564
0 0.760719 0.371287 0.016598 0.722772
0 0.807746 0.559406 0.013831 0.861386
0 0.845781 0.722772 0.056708 0.534653
0 0.915629 0.584158 0.027663 0.435644
0 0.966113 0.534653 0.012448 0.554455
0 0.993776 0.514851 0.009682 0.594059