0 0.049808 0.632979 0.099617 0.712766
0 0.113985 0.404255 0.021073 0.808511
0 0.147510 0.356383 0.038314 0.712766
0 0.234674 0.468085 0.059387 0.723404
0 0.345785 0.393617 0.047893 0.702128
0 0.377395 0.361702 0.007663 0.723404
0 0.410920 0.372340 0.051724 0.744681
0 0.532567 0.452128 0.080460 0.882979
0 0.604406 0.617021 0.055556 0.553191
0 0.676245 0.595745 0.061303 0.617021
0 0.792146 0.494681 0.047893 0.393617
0 0.851533 0.526596 0.013410 0.329787
0 0.907088 0.425532 0.036398 0.595745
0 0.945402 0.414894 0.032567 0.638298
0 0.981801 0.367021 0.032567 0.691489