0 0.031734 0.560976 0.063467 0.853659
0 0.076625 0.353659 0.020124 0.560976
0 0.142415 0.359756 0.052632 0.719512
0 0.210526 0.567073 0.006192 0.256098
0 0.229876 0.365854 0.026316 0.731707
0 0.263158 0.396341 0.034056 0.743902
0 0.373839 0.518293 0.054180 0.890244
0 0.455882 0.493902 0.023220 0.378049
0 0.509288 0.469512 0.024768 0.939024
0 0.560372 0.323171 0.040248 0.646341
0 0.619969 0.597561 0.047988 0.634146
0 0.688854 0.646341 0.046440 0.560976
0 0.768576 0.475610 0.013932 0.365854
0 0.833591 0.506098 0.054180 0.963415
0 0.896285 0.530488 0.065015 0.914634
0 0.942724 0.445122 0.012384 0.524390
0 0.979102 0.481707 0.038700 0.500000