0 0.030189 0.362069 0.060377 0.586207
0 0.129245 0.362069 0.043396 0.724138
0 0.217925 0.494253 0.062264 0.505747
0 0.279245 0.379310 0.026415 0.758621
0 0.308491 0.385057 0.024528 0.770115
0 0.346226 0.367816 0.043396 0.735632
0 0.442453 0.396552 0.073585 0.609195
0 0.538679 0.574713 0.035849 0.827586
0 0.590566 0.534483 0.060377 0.908046
0 0.642453 0.350575 0.035849 0.563218
0 0.781132 0.614943 0.033962 0.333333
0 0.830189 0.649425 0.056604 0.678161
0 0.896226 0.557471 0.067925 0.862069
0 0.952830 0.505747 0.011321 0.482759
0 0.980189 0.672414 0.035849 0.632184