0 0.060680 0.741071 0.121359 0.500000
0 0.134304 0.651786 0.019417 0.678571
0 0.165858 0.616071 0.037217 0.750000
0 0.261327 0.647321 0.037217 0.401786
0 0.360841 0.522321 0.055016 0.455357
0 0.416667 0.593750 0.050162 0.383929
0 0.566343 0.522321 0.055016 0.401786
0 0.635113 0.732143 0.011327 0.446429
0 0.674757 0.383929 0.038835 0.767857
0 0.734628 0.468750 0.029126 0.562500
0 0.818770 0.741071 0.016181 0.464286
0 0.862460 0.705357 0.064725 0.517857
0 0.909385 0.571429 0.022654 0.571429
0 0.933657 0.549107 0.019417 0.562500
0 0.972492 0.500000 0.051780 0.625000