0 0.090000 0.678082 0.180000 0.616438
0 0.211000 0.698630 0.054000 0.575342
0 0.279000 0.472603 0.014000 0.671233
0 0.335000 0.595890 0.050000 0.479452
0 0.406000 0.506849 0.060000 0.657534
0 0.486000 0.534247 0.056000 0.684932
0 0.590000 0.479452 0.052000 0.958904
0 0.643000 0.582192 0.014000 0.534247
0 0.686000 0.493151 0.044000 0.986301
0 0.733000 0.410959 0.030000 0.739726
0 0.802000 0.691781 0.024000 0.589041
0 0.839000 0.712329 0.042000 0.547945
0 0.899000 0.650685 0.042000 0.534247
0 0.947000 0.616438 0.018000 0.630137
0 0.983000 0.595890 0.030000 0.780822