0 0.032787 0.492958 0.065574 0.985915
0 0.093807 0.471831 0.016393 0.577465
0 0.133880 0.415493 0.023679 0.690141
0 0.192168 0.464789 0.052823 0.563380
0 0.261384 0.352113 0.063752 0.704225
0 0.329690 0.450704 0.014572 0.619718
0 0.407104 0.373239 0.049180 0.746479
0 0.479964 0.478873 0.038251 0.591549
0 0.529144 0.352113 0.020036 0.647887
0 0.595628 0.373239 0.018215 0.746479
0 0.638434 0.373239 0.038251 0.746479
0 0.692168 0.443662 0.014572 0.577465
0 0.715847 0.436620 0.021858 0.647887
0 0.800546 0.422535 0.092896 0.845070
0 0.877049 0.450704 0.012750 0.535211
0 0.928051 0.556338 0.038251 0.859155
0 0.989982 0.563380 0.016393 0.478873