0 0.078194 0.511628 0.156388 0.558140
0 0.185022 0.540698 0.048458 0.523256
0 0.241189 0.319767 0.011013 0.593023
0 0.311674 0.459302 0.055066 0.406977
0 0.418502 0.418605 0.074890 0.581395
0 0.509912 0.447674 0.059471 0.523256
0 0.623348 0.447674 0.066079 0.895349
0 0.689427 0.470930 0.017621 0.802326
0 0.741189 0.372093 0.050661 0.651163
0 0.789648 0.453488 0.037445 0.627907
0 0.849119 0.563953 0.019824 0.383721
0 0.894273 0.732558 0.035242 0.511628
0 0.941630 0.563953 0.024229 0.569767
0 0.986784 0.581395 0.022026 0.558140