0 0.036538 0.694118 0.073077 0.588235
0 0.095192 0.441176 0.017308 0.552941
0 0.171154 0.382353 0.061538 0.764706
0 0.244231 0.570588 0.023077 0.435294
0 0.276923 0.511765 0.026923 0.529412
0 0.316346 0.517647 0.021154 0.494118
0 0.395192 0.482353 0.055769 0.870588
0 0.456731 0.558824 0.013462 0.411765
0 0.510577 0.511765 0.021154 0.882353
0 0.553846 0.400000 0.042308 0.682353
0 0.602885 0.641176 0.032692 0.552941
0 0.661538 0.670588 0.046154 0.517647
0 0.731731 0.564706 0.021154 0.423529
0 0.798077 0.605882 0.061538 0.764706
0 0.848077 0.682353 0.030769 0.517647
0 0.899038 0.505882 0.009615 0.682353
0 0.961538 0.635294 0.073077 0.423529