0 0.030055 0.597561 0.060109 0.536585
0 0.075592 0.341463 0.023679 0.585366
0 0.161202 0.371951 0.060109 0.743902
0 0.225865 0.536585 0.036430 0.780488
0 0.257741 0.475610 0.020036 0.512195
0 0.288707 0.463415 0.027322 0.585366
0 0.369763 0.621951 0.061931 0.731707
0 0.436248 0.518293 0.016393 0.621951
0 0.491803 0.420732 0.065574 0.548780
0 0.550091 0.506098 0.014572 0.695122
0 0.580146 0.591463 0.038251 0.597561
0 0.629326 0.658537 0.016393 0.658537
0 0.660291 0.554878 0.023679 0.865854
0 0.757741 0.615854 0.076503 0.719512
0 0.839709 0.481707 0.051002 0.426829
0 0.893443 0.579268 0.016393 0.621951
0 0.957195 0.530488 0.081967 0.426829