0 0.028078 0.648148 0.056156 0.629630
0 0.073434 0.500000 0.021598 0.851852
0 0.134989 0.469136 0.066955 0.938272
0 0.206263 0.555556 0.015119 0.444444
0 0.244060 0.530864 0.017279 0.518519
0 0.277538 0.512346 0.023758 0.555556
0 0.357451 0.462963 0.062635 0.876543
0 0.429806 0.648148 0.021598 0.654321
0 0.479482 0.530864 0.017279 0.864198
0 0.538877 0.419753 0.045356 0.691358
0 0.593952 0.697531 0.034557 0.530864
0 0.641469 0.666667 0.051836 0.567901
0 0.722462 0.672840 0.019438 0.629630
0 0.807775 0.500000 0.073434 0.802469
0 0.886609 0.586420 0.041037 0.802469
0 0.926566 0.530864 0.017279 0.691358
0 0.974082 0.617284 0.047516 0.469136