0 0.068602 0.666667 0.137203 0.643678
0 0.158971 0.712644 0.038259 0.551724
0 0.195910 0.362069 0.006596 0.724138
0 0.268470 0.540230 0.027704 0.413793
0 0.353562 0.373563 0.050132 0.747126
0 0.413588 0.390805 0.043536 0.689655
0 0.534960 0.402299 0.046174 0.574713
0 0.593668 0.534483 0.007916 0.770115
0 0.638522 0.344828 0.018470 0.666667
0 0.707124 0.344828 0.010554 0.689655
0 0.803430 0.683908 0.007916 0.563218
0 0.833113 0.735632 0.046174 0.505747
0 0.905673 0.563218 0.035620 0.413793
0 0.955805 0.413793 0.017150 0.666667
0 0.988786 0.367816 0.019789 0.735632