0 0.022825 0.522222 0.045649 0.933333
0 0.072040 0.533333 0.047076 0.911111
0 0.119829 0.338889 0.017118 0.677778
0 0.181170 0.422222 0.014265 0.511111
0 0.235378 0.472222 0.025678 0.433333
0 0.278887 0.333333 0.009986 0.622222
0 0.306705 0.327778 0.008559 0.566667
0 0.402282 0.694444 0.128388 0.588889
0 0.516405 0.522222 0.014265 0.622222
0 0.612696 0.644444 0.018545 0.377778
0 0.773181 0.677778 0.139800 0.622222
0 0.865193 0.483333 0.012839 0.566667
0 0.927247 0.583333 0.045649 0.811111
0 0.986448 0.622222 0.024251 0.422222