0 0.080559 0.592391 0.161119 0.793478
0 0.188415 0.706522 0.049268 0.565217
0 0.229028 0.342391 0.013316 0.684783
0 0.288282 0.478261 0.025300 0.391304
0 0.366844 0.309783 0.065246 0.619565
0 0.421438 0.402174 0.038615 0.456522
0 0.547936 0.358696 0.033289 0.608696
0 0.595872 0.603261 0.009321 0.619565
0 0.616511 0.364130 0.026631 0.728261
0 0.693742 0.402174 0.021305 0.630435
0 0.804927 0.711957 0.011984 0.554348
0 0.832224 0.771739 0.037284 0.434783
0 0.905459 0.614130 0.023968 0.402174
0 0.956724 0.440217 0.019973 0.771739
0 0.988682 0.423913 0.019973 0.760870