0 0.073550 0.604762 0.147100 0.657143
0 0.171146 0.680952 0.042433 0.485714
0 0.215700 0.333333 0.012730 0.666667
0 0.286421 0.485714 0.024045 0.361905
0 0.359972 0.333333 0.052334 0.628571
0 0.432815 0.314286 0.031117 0.533333
0 0.495050 0.390476 0.070721 0.590476
0 0.556577 0.480952 0.012730 0.961905
0 0.591938 0.404762 0.024045 0.619048
0 0.681047 0.400000 0.012730 0.571429
0 0.775106 0.719048 0.014144 0.542857
0 0.809760 0.776190 0.049505 0.428571
0 0.913013 0.557143 0.038190 0.371429
0 0.960396 0.428571 0.022631 0.628571
0 0.987270 0.380952 0.022631 0.590476