0 0.027844 0.596330 0.055687 0.788991
0 0.082346 0.298165 0.005924 0.596330
0 0.178318 0.339450 0.039100 0.642202
0 0.231635 0.449541 0.010664 0.256881
0 0.259479 0.325688 0.009479 0.596330
0 0.284953 0.325688 0.013033 0.651376
0 0.404621 0.454128 0.053318 0.834862
0 0.468602 0.444954 0.008294 0.247706
0 0.495261 0.559633 0.009479 0.477064
0 0.542062 0.339450 0.017773 0.550459
0 0.579384 0.573394 0.052133 0.559633
0 0.648697 0.564220 0.034360 0.504587
0 0.711493 0.422018 0.017773 0.348624
0 0.796801 0.481651 0.093602 0.816514
0 0.873815 0.504587 0.055687 0.660550
0 0.929502 0.403670 0.008294 0.458716
0 0.981043 0.449541 0.035545 0.348624