0 0.032578 0.641129 0.065156 0.604839
0 0.084278 0.387097 0.012748 0.532258
0 0.165722 0.338710 0.059490 0.677419
0 0.262748 0.572581 0.012748 0.258065
0 0.308782 0.479839 0.011331 0.379032
0 0.342776 0.471774 0.011331 0.556452
0 0.464589 0.592742 0.076487 0.717742
0 0.524788 0.701613 0.018414 0.483871
0 0.549575 0.697581 0.014164 0.459677
0 0.582153 0.625000 0.022663 0.733871
0 0.631020 0.741935 0.043909 0.500000
0 0.685552 0.725806 0.059490 0.532258
0 0.731586 0.721774 0.021246 0.540323
0 0.789660 0.661290 0.089235 0.661290
0 0.864731 0.741935 0.055241 0.500000
0 0.941926 0.693548 0.011331 0.225806
0 0.985127 0.665323 0.026912 0.362903