0 0.037701 0.534483 0.075402 0.908046
0 0.103214 0.660920 0.050680 0.655172
0 0.159456 0.356322 0.009889 0.712644
0 0.254635 0.517241 0.024722 0.482759
0 0.364648 0.339080 0.046972 0.678161
0 0.412237 0.425287 0.043263 0.620690
0 0.533375 0.356322 0.030902 0.643678
0 0.624227 0.614943 0.009889 0.632184
0 0.674289 0.362069 0.060569 0.724138
0 0.733622 0.390805 0.013597 0.597701
0 0.815822 0.563218 0.017305 0.390805
0 0.863412 0.701149 0.063041 0.574713
0 0.909147 0.517241 0.023486 0.436782
0 0.965389 0.448276 0.009889 0.597701
0 0.990111 0.517241 0.017305 0.758621