0 0.031207 0.681102 0.062413 0.622047
0 0.088766 0.354331 0.019417 0.535433
0 0.162968 0.421260 0.048544 0.842520
0 0.244799 0.523622 0.012483 0.259843
0 0.276006 0.397638 0.024965 0.496063
0 0.312067 0.405512 0.024965 0.590551
0 0.421637 0.358268 0.041609 0.385827
0 0.484050 0.566929 0.016644 0.503937
0 0.527739 0.618110 0.015257 0.401575
0 0.551318 0.503937 0.026352 0.692913
0 0.606796 0.618110 0.045770 0.480315
0 0.661581 0.598425 0.058252 0.503937
0 0.716366 0.582677 0.026352 0.598425
0 0.777393 0.535433 0.090153 0.787402
0 0.873786 0.606299 0.016644 0.346457
0 0.922330 0.488189 0.011096 0.251969
0 0.981276 0.417323 0.034674 0.377953