0 0.057463 0.538835 0.114925 0.902913
0 0.143284 0.762136 0.050746 0.417476
0 0.181343 0.485437 0.013433 0.504854
0 0.248507 0.626214 0.028358 0.320388
0 0.362687 0.529126 0.071642 0.631068
0 0.452985 0.563107 0.049254 0.388350
0 0.561940 0.470874 0.076119 0.844660
0 0.630597 0.640777 0.013433 0.563107
0 0.691045 0.359223 0.029851 0.718447
0 0.750000 0.436893 0.010448 0.582524
0 0.826119 0.708738 0.010448 0.563107
0 0.868657 0.723301 0.068657 0.533981
0 0.930597 0.597087 0.019403 0.281553
0 0.964925 0.490291 0.019403 0.495146
0 0.991045 0.500000 0.014925 0.592233