0 0.073150 0.490385 0.146299 0.500000
0 0.192771 0.283654 0.010327 0.548077
0 0.291738 0.350962 0.091222 0.701923
0 0.376936 0.461538 0.027539 0.288462
0 0.447504 0.336538 0.030981 0.596154
0 0.491394 0.504808 0.022375 0.971154
0 0.581756 0.692308 0.086059 0.557692
0 0.668675 0.538462 0.025818 0.557692
0 0.747849 0.375000 0.018933 0.442308
0 0.802065 0.466346 0.034423 0.375000
0 0.880379 0.466346 0.015491 0.298077
0 0.922547 0.490385 0.020654 0.307692
0 0.956110 0.365385 0.029260 0.596154
0 0.986231 0.360577 0.024096 0.586538