0 0.018203 0.600000 0.036405 0.690909
0 0.052901 0.495455 0.001138 0.990909
0 0.099545 0.613636 0.062571 0.554545
0 0.167235 0.359091 0.056883 0.718182
0 0.224687 0.409091 0.007964 0.527273
0 0.254835 0.372727 0.013652 0.509091
0 0.337884 0.609091 0.043231 0.672727
0 0.390785 0.536364 0.010239 0.400000
0 0.474403 0.545455 0.009101 0.345455
0 0.530717 0.613636 0.017065 0.718182
0 0.574516 0.690909 0.065984 0.600000
0 0.649033 0.736364 0.048919 0.509091
0 0.718430 0.586364 0.007964 0.300000
0 0.796359 0.559091 0.052332 0.863636
0 0.856086 0.659091 0.062571 0.663636
0 0.932309 0.613636 0.005688 0.245455
0 0.985779 0.613636 0.026166 0.372727