0 0.041913 0.494845 0.083825 0.783505
0 0.124557 0.742268 0.043684 0.494845
0 0.208383 0.355670 0.008264 0.711340
0 0.279811 0.515464 0.035419 0.391753
0 0.372491 0.386598 0.064935 0.731959
0 0.431523 0.474227 0.048406 0.597938
0 0.555490 0.556701 0.043684 0.762887
0 0.615702 0.628866 0.005903 0.515464
0 0.662338 0.329897 0.063754 0.659794
0 0.757379 0.298969 0.005903 0.597938
0 0.809327 0.536082 0.005903 0.226804
0 0.853601 0.711340 0.037780 0.556701
0 0.913813 0.525773 0.021251 0.412371
0 0.940968 0.489691 0.009445 0.505155
0 0.992916 0.525773 0.011806 0.556701