0 0.039346 0.569672 0.078692 0.581967
0 0.130751 0.463115 0.029056 0.352459
0 0.173123 0.295082 0.016949 0.590164
0 0.262107 0.487705 0.030266 0.401639
0 0.306295 0.405738 0.014528 0.532787
0 0.343826 0.516393 0.012107 0.754098
0 0.467918 0.520492 0.006053 0.188525
0 0.535714 0.532787 0.042373 0.311475
0 0.615012 0.504098 0.033898 0.450820
0 0.638015 0.491803 0.007264 0.377049
0 0.696731 0.737705 0.056901 0.508197
0 0.765738 0.409836 0.054479 0.557377
0 0.892252 0.610656 0.084746 0.696721
0 0.981840 0.532787 0.033898 0.327869