0 0.017418 0.259690 0.034836 0.410853
0 0.105020 0.364341 0.011270 0.511628
0 0.141906 0.344961 0.011270 0.689922
0 0.209529 0.472868 0.031762 0.465116
0 0.273053 0.465116 0.058402 0.682171
0 0.325820 0.387597 0.008197 0.651163
0 0.382684 0.360465 0.046107 0.674419
0 0.500000 0.531008 0.034836 0.534884
0 0.547643 0.375969 0.007172 0.627907
0 0.637807 0.534884 0.011270 0.310078
0 0.665471 0.410853 0.019467 0.682171
0 0.704918 0.410853 0.010246 0.589147
0 0.738217 0.465116 0.013320 0.666667
0 0.825307 0.558140 0.089139 0.542636
0 0.880635 0.453488 0.005123 0.395349
0 0.921107 0.647287 0.043033 0.689922
0 0.993852 0.403101 0.010246 0.372093