0 0.065436 0.567010 0.130872 0.804124
0 0.161074 0.711340 0.053691 0.515464
0 0.208054 0.396907 0.016779 0.670103
0 0.286913 0.530928 0.023490 0.298969
0 0.386745 0.402062 0.055369 0.804124
0 0.436242 0.634021 0.036913 0.381443
0 0.610738 0.319588 0.067114 0.494845
0 0.705537 0.448454 0.011745 0.752577
0 0.743289 0.355670 0.026846 0.587629
0 0.789430 0.324742 0.021812 0.649485
0 0.821309 0.567010 0.011745 0.845361
0 0.870805 0.721649 0.043624 0.536082
0 0.951342 0.391753 0.050336 0.783505
0 0.989094 0.407216 0.018456 0.814433