0 0.041105 0.567568 0.082210 0.540541
0 0.102426 0.599099 0.008086 0.783784
0 0.123989 0.509009 0.018868 0.765766
0 0.206199 0.635135 0.040431 0.495495
0 0.288410 0.472973 0.088949 0.801802
0 0.351752 0.445946 0.032345 0.747748
0 0.445418 0.540541 0.057951 0.432432
0 0.561995 0.463964 0.040431 0.567568
0 0.611860 0.342342 0.010782 0.684685
0 0.643531 0.662162 0.012129 0.477477
0 0.703504 0.351351 0.024259 0.630631
0 0.733827 0.355856 0.030997 0.657658
0 0.764825 0.315315 0.025606 0.630631
0 0.853774 0.472973 0.087601 0.657658
0 0.909704 0.283784 0.013477 0.459459
0 0.962264 0.378378 0.029650 0.756757
0 0.989892 0.333333 0.017520 0.666667