0 0.027778 0.465000 0.055556 0.470000
0 0.075758 0.420000 0.016835 0.840000
0 0.121212 0.625000 0.033670 0.550000
0 0.238215 0.605000 0.052189 0.770000
0 0.331650 0.495000 0.074074 0.990000
0 0.396465 0.390000 0.028620 0.780000
0 0.425926 0.375000 0.023569 0.750000
0 0.561448 0.310000 0.122896 0.620000
0 0.653199 0.560000 0.010101 0.540000
0 0.707912 0.475000 0.038721 0.530000
0 0.800505 0.470000 0.082492 0.560000
0 0.888047 0.460000 0.042088 0.400000
0 0.947811 0.335000 0.033670 0.650000
0 0.987374 0.335000 0.021886 0.670000