0 0.021773 0.637255 0.043546 0.705882
0 0.068429 0.495098 0.021773 0.990196
0 0.122084 0.622549 0.060653 0.598039
0 0.211509 0.446078 0.009331 0.598039
0 0.230949 0.455882 0.023328 0.637255
0 0.265941 0.436275 0.031104 0.696078
0 0.391135 0.352941 0.091757 0.588235
0 0.465785 0.632353 0.010886 0.617647
0 0.492224 0.642157 0.017107 0.519608
0 0.527216 0.495098 0.037325 0.774510
0 0.587869 0.647059 0.059098 0.686275
0 0.646967 0.612745 0.043546 0.637255
0 0.681960 0.602941 0.020218 0.500000
0 0.790047 0.460784 0.118196 0.921569
0 0.875583 0.500000 0.046656 0.803922
0 0.919129 0.480392 0.012442 0.313725
0 0.978227 0.470588 0.040435 0.392157