0 0.078102 0.649123 0.156204 0.684211
0 0.189051 0.758772 0.048175 0.464912
0 0.236496 0.399123 0.026277 0.692982
0 0.294161 0.583333 0.036496 0.324561
0 0.419708 0.434211 0.068613 0.710526
0 0.473723 0.605263 0.033577 0.350877
0 0.652555 0.460526 0.078832 0.482456
0 0.734307 0.464912 0.008759 0.684211
0 0.772993 0.574561 0.027737 0.780702
0 0.814599 0.491228 0.017518 0.982456
0 0.831387 0.600877 0.010219 0.745614
0 0.864234 0.583333 0.049635 0.745614
0 0.953285 0.403509 0.046715 0.684211
0 0.989051 0.434211 0.018978 0.728070