0 0.042876 0.742308 0.085752 0.223077
0 0.189314 0.300000 0.025066 0.600000
0 0.263852 0.484615 0.044855 0.907692
0 0.312005 0.523077 0.046174 0.707692
0 0.352902 0.384615 0.017150 0.476923
0 0.377309 0.384615 0.021108 0.507692
0 0.459103 0.680769 0.036939 0.623077
0 0.494723 0.515385 0.015831 0.461538
0 0.552770 0.557692 0.044855 0.546154
0 0.594987 0.523077 0.026385 0.615385
0 0.621372 0.580769 0.021108 0.453846
0 0.645778 0.584615 0.022427 0.476923
0 0.692612 0.338462 0.042216 0.646154
0 0.810026 0.453846 0.105541 0.676923
0 0.891161 0.469231 0.011873 0.400000
0 0.981530 0.411538 0.034301 0.376923