0 0.034231 0.563559 0.068462 0.483051
0 0.089226 0.292373 0.010101 0.584746
0 0.159933 0.474576 0.052750 0.949153
0 0.201459 0.516949 0.025814 0.864407
0 0.227834 0.411017 0.015713 0.516949
0 0.253648 0.389831 0.011223 0.559322
0 0.316498 0.652542 0.029181 0.677966
0 0.396184 0.529661 0.013468 0.415254
0 0.448373 0.406780 0.046016 0.440678
0 0.506173 0.500000 0.011223 0.694915
0 0.530303 0.682203 0.032548 0.330508
0 0.572952 0.576271 0.014590 0.474576
0 0.599327 0.389831 0.008979 0.661017
0 0.692480 0.665254 0.092031 0.584746
0 0.781145 0.542373 0.035915 0.389831
0 0.898429 0.521186 0.016835 0.262712
0 0.969136 0.368644 0.059484 0.567797