0 0.037657 0.278788 0.075314 0.557576
0 0.114540 0.533333 0.007322 0.254545
0 0.135983 0.448485 0.014644 0.448485
0 0.183577 0.493939 0.049163 0.418182
0 0.247908 0.430303 0.064854 0.678788
0 0.301778 0.487879 0.011506 0.466667
0 0.368201 0.506061 0.050209 0.454545
0 0.470188 0.496970 0.051255 0.690909
0 0.510460 0.493939 0.025105 0.503030
0 0.575837 0.612121 0.011506 0.193939
0 0.631276 0.484848 0.028243 0.496970
0 0.685146 0.600000 0.020921 0.654545
0 0.720188 0.636364 0.013598 0.715152
0 0.782427 0.636364 0.106695 0.715152
0 0.851464 0.612121 0.010460 0.509091
0 0.899582 0.718182 0.033473 0.296970
0 0.990586 0.581818 0.016736 0.169697