0 0.032039 0.356115 0.064078 0.582734
0 0.100485 0.715827 0.010680 0.553957
0 0.129612 0.374101 0.020388 0.604317
0 0.165534 0.410072 0.030097 0.417266
0 0.218447 0.316547 0.038835 0.532374
0 0.256311 0.262590 0.017476 0.438849
0 0.323786 0.402878 0.047573 0.489209
0 0.401456 0.604317 0.032039 0.647482
0 0.445631 0.381295 0.025243 0.589928
0 0.518447 0.449640 0.011650 0.899281
0 0.557767 0.341727 0.035922 0.683453
0 0.622330 0.312950 0.021359 0.467626
0 0.664563 0.273381 0.018447 0.460432
0 0.789320 0.633094 0.130097 0.503597
0 0.911165 0.593525 0.012621 0.553957
0 0.950485 0.517986 0.029126 0.661871
0 0.991262 0.381295 0.015534 0.474820