0 0.022117 0.635870 0.044234 0.641304
0 0.097946 0.532609 0.031596 0.913043
0 0.141390 0.505435 0.020537 0.967391
0 0.250395 0.423913 0.052133 0.717391
0 0.301738 0.336957 0.009479 0.586957
0 0.324645 0.342391 0.030016 0.576087
0 0.379937 0.407609 0.033175 0.445652
0 0.490521 0.521739 0.026856 0.369565
0 0.551343 0.483696 0.050553 0.445652
0 0.607425 0.375000 0.020537 0.750000
0 0.729068 0.641304 0.093207 0.695652
0 0.825434 0.440217 0.039494 0.489130
0 0.917852 0.467391 0.015798 0.217391
0 0.973144 0.418478 0.050553 0.423913