0 0.035758 0.463918 0.071517 0.927835
0 0.083847 0.329897 0.019729 0.659794
0 0.202219 0.525773 0.022195 0.927835
0 0.249692 0.572165 0.033292 0.793814
0 0.278052 0.365979 0.011097 0.546392
0 0.295314 0.376289 0.016030 0.628866
0 0.372996 0.582474 0.025894 0.690722
0 0.462392 0.422680 0.009864 0.226804
0 0.501233 0.556701 0.028360 0.783505
0 0.527744 0.469072 0.019729 0.938144
0 0.569667 0.649485 0.029593 0.494845
0 0.609741 0.551546 0.008631 0.422680
0 0.646116 0.396907 0.017263 0.793814
0 0.775586 0.443299 0.098644 0.886598
0 0.848952 0.324742 0.035758 0.608247
0 0.911221 0.520619 0.009864 0.443299
0 0.990752 0.365979 0.016030 0.402062