0 0.049819 0.669565 0.099638 0.539130
0 0.146739 0.604348 0.050725 0.478261
0 0.239130 0.473913 0.032609 0.460870
0 0.324275 0.421739 0.054348 0.756522
0 0.368659 0.343478 0.016304 0.495652
0 0.403986 0.347826 0.028986 0.469565
0 0.500000 0.400000 0.094203 0.573913
0 0.606884 0.486957 0.014493 0.347826
0 0.634058 0.265217 0.025362 0.530435
0 0.698370 0.286957 0.016304 0.539130
0 0.806159 0.456522 0.018116 0.252174
0 0.885870 0.643478 0.014493 0.695652
0 0.931159 0.530435 0.050725 0.921739
0 0.979167 0.326087 0.038043 0.617391