0 0.053476 0.471429 0.106952 0.866667
0 0.139037 0.600000 0.058824 0.552381
0 0.209893 0.300000 0.016043 0.600000
0 0.258690 0.542857 0.017380 0.247619
0 0.383021 0.414286 0.060160 0.638095
0 0.462567 0.514286 0.032086 0.304762
0 0.588904 0.309524 0.046791 0.580952
0 0.657754 0.442857 0.013369 0.714286
0 0.697861 0.395238 0.010695 0.523810
0 0.777406 0.376190 0.017380 0.638095
0 0.858289 0.571429 0.013369 0.838095
0 0.888369 0.761905 0.041444 0.457143
0 0.951872 0.438095 0.029412 0.571429
0 0.990642 0.485714 0.016043 0.628571