0 0.054088 0.542857 0.108176 0.819048
0 0.144654 0.661905 0.067925 0.542857
0 0.225786 0.285714 0.011321 0.571429
0 0.293711 0.533333 0.031447 0.304762
0 0.398113 0.471429 0.071698 0.657143
0 0.471069 0.571429 0.031447 0.342857
0 0.590566 0.333333 0.044025 0.533333
0 0.666038 0.395238 0.008805 0.714286
0 0.700000 0.309524 0.021384 0.619048
0 0.762264 0.338095 0.017610 0.676190
0 0.837736 0.580952 0.015094 0.819048
0 0.878616 0.690476 0.061635 0.600000
0 0.952830 0.433333 0.033962 0.561905
0 0.987421 0.471429 0.022642 0.657143