0 0.025794 0.422018 0.051587 0.550459
0 0.113757 0.495413 0.010582 0.697248
0 0.139550 0.311927 0.006614 0.623853
0 0.184524 0.481651 0.038360 0.431193
0 0.285053 0.408257 0.078042 0.688073
0 0.353836 0.412844 0.009259 0.550459
0 0.414021 0.444954 0.031746 0.486239
0 0.480820 0.500000 0.033069 0.467890
0 0.542328 0.454128 0.010582 0.522936
0 0.602513 0.431193 0.009259 0.550459
0 0.630952 0.472477 0.013228 0.577982
0 0.658069 0.467890 0.014550 0.568807
0 0.692460 0.522936 0.011905 0.550459
0 0.795635 0.619266 0.093915 0.504587
0 0.859127 0.495413 0.011905 0.550459
0 0.920635 0.834862 0.034392 0.311927
0 0.992725 0.610092 0.011905 0.449541