0 0.024557 0.729592 0.049113 0.520408
0 0.113915 0.382653 0.034106 0.479592
0 0.165075 0.321429 0.010914 0.642857
0 0.209413 0.321429 0.039563 0.622449
0 0.364256 0.520408 0.046385 0.755102
0 0.438608 0.438776 0.025921 0.285714
0 0.498636 0.551020 0.006821 0.448980
0 0.545020 0.397959 0.053206 0.326531
0 0.697817 0.627551 0.053206 0.724490
0 0.756480 0.586735 0.045020 0.500000
0 0.806958 0.627551 0.012278 0.540816
0 0.849932 0.326531 0.013643 0.653061
0 0.923602 0.545918 0.010914 0.153061
0 0.973397 0.719388 0.050477 0.540816