0 0.034596 0.350000 0.069193 0.554545
0 0.107084 0.327273 0.036244 0.654545
0 0.206755 0.431818 0.051071 0.372727
0 0.259473 0.254545 0.047776 0.509091
0 0.308072 0.331818 0.029654 0.663636
0 0.453871 0.436364 0.097199 0.490909
0 0.564250 0.600000 0.014827 0.400000
0 0.654036 0.536364 0.013180 0.909091
0 0.677100 0.731818 0.026359 0.409091
0 0.734761 0.468182 0.036244 0.281818
0 0.789127 0.363636 0.019769 0.454545
0 0.822900 0.459091 0.018122 0.518182
0 0.900329 0.690909 0.041186 0.563636
0 0.990115 0.363636 0.016474 0.636364