0 0.036624 0.545833 0.073248 0.425000
0 0.136943 0.520833 0.066879 0.841667
0 0.209395 0.595833 0.058917 0.325000
0 0.291401 0.454167 0.047771 0.608333
0 0.334395 0.500000 0.031847 0.650000
0 0.532643 0.475000 0.218153 0.950000
0 0.659236 0.470833 0.028662 0.708333
0 0.691083 0.562500 0.028662 0.491667
0 0.760350 0.816667 0.007962 0.350000
0 0.786624 0.575000 0.038217 0.833333
0 0.815287 0.512500 0.012739 0.608333
0 0.844745 0.520833 0.039809 0.575000
0 0.942675 0.495833 0.054140 0.991667
0 0.985669 0.645833 0.025478 0.558333