0 0.097645 0.500000 0.195291 0.983471
0 0.222299 0.636364 0.048476 0.512397
0 0.284626 0.276860 0.023546 0.553719
0 0.360803 0.533058 0.037396 0.239669
0 0.456371 0.384298 0.081717 0.570248
0 0.526316 0.541322 0.052632 0.289256
0 0.647507 0.425620 0.062327 0.487603
0 0.710526 0.504132 0.013850 0.809917
0 0.745152 0.487603 0.030471 0.826446
0 0.786011 0.384298 0.023546 0.636364
0 0.833102 0.574380 0.012465 0.834711
0 0.877424 0.723140 0.040166 0.537190
0 0.952909 0.462810 0.058172 0.809917
0 0.991690 0.450413 0.013850 0.785124