0 0.062197 0.687500 0.124394 0.604167
0 0.145396 0.703125 0.009693 0.302083
0 0.168821 0.572917 0.027464 0.583333
0 0.226171 0.614583 0.029079 0.416667
0 0.291599 0.531250 0.037157 0.625000
0 0.328756 0.473958 0.030695 0.656250
0 0.437803 0.598958 0.074313 0.489583
0 0.518578 0.541667 0.029079 0.541667
0 0.566236 0.348958 0.017771 0.697917
0 0.594507 0.604167 0.009693 0.625000
0 0.626010 0.593750 0.037157 0.687500
0 0.666397 0.437500 0.027464 0.687500
0 0.693861 0.390625 0.021002 0.635417
0 0.810985 0.625000 0.132472 0.708333
0 0.889338 0.651042 0.017771 0.531250
0 0.954766 0.588542 0.045234 0.677083
0 0.991115 0.541667 0.014540 0.312500