0 0.075377 0.612903 0.150754 0.709677
0 0.196817 0.467742 0.041876 0.892473
0 0.235343 0.349462 0.015075 0.698925
0 0.321608 0.586022 0.026801 0.354839
0 0.419598 0.516129 0.055276 0.623656
0 0.488275 0.505376 0.075377 0.666667
0 0.595477 0.553763 0.108878 0.827957
0 0.675879 0.564516 0.011725 0.720430
0 0.705193 0.478495 0.030151 0.526882
0 0.746231 0.413978 0.021776 0.655914
0 0.821608 0.741935 0.011725 0.494624
0 0.887772 0.693548 0.033501 0.591398
0 0.917085 0.623656 0.018425 0.559140
0 0.951424 0.397849 0.023451 0.602151
0 0.984925 0.322581 0.026801 0.602151