0 0.065289 0.713043 0.130579 0.556522
0 0.138017 0.678261 0.008264 0.504348
0 0.219835 0.660870 0.016529 0.521739
0 0.242975 0.569565 0.023140 0.634783
0 0.271901 0.486957 0.024793 0.486957
0 0.298347 0.495652 0.021488 0.469565
0 0.405785 0.665217 0.123967 0.495652
0 0.528926 0.608696 0.056198 0.608696
0 0.590909 0.547826 0.028099 0.313043
0 0.623967 0.386957 0.021488 0.565217
0 0.645455 0.369565 0.014876 0.478261
0 0.750413 0.439130 0.112397 0.652174
0 0.834711 0.404348 0.026446 0.356522
0 0.872727 0.260870 0.029752 0.521739
0 0.933058 0.304348 0.031405 0.434783
0 0.985950 0.330435 0.024793 0.365217