0 0.081917 0.659091 0.163833 0.659091
0 0.207110 0.494318 0.046368 0.988636
0 0.238794 0.460227 0.010819 0.556818
0 0.312210 0.613636 0.024730 0.363636
0 0.415765 0.511364 0.049459 0.636364
0 0.479134 0.460227 0.064915 0.602273
0 0.574189 0.607955 0.078825 0.761364
0 0.642195 0.568182 0.010819 0.840909
0 0.675425 0.465909 0.030912 0.659091
0 0.723338 0.357955 0.024730 0.715909
0 0.805255 0.704545 0.015456 0.568182
0 0.856260 0.704545 0.058733 0.568182
0 0.909583 0.505682 0.029366 0.375000
0 0.945131 0.369318 0.029366 0.534091
0 0.985317 0.403409 0.026275 0.556818