0 0.076389 0.604396 0.152778 0.769231
0 0.203373 0.686813 0.013889 0.274725
0 0.221230 0.758242 0.013889 0.461538
0 0.296627 0.703297 0.069444 0.461538
0 0.360119 0.582418 0.009921 0.417582
0 0.409722 0.681319 0.029762 0.571429
0 0.448413 0.467033 0.031746 0.670330
0 0.481151 0.467033 0.025794 0.538462
0 0.599206 0.483516 0.115079 0.527473
0 0.704365 0.582418 0.043651 0.329670
0 0.763889 0.357143 0.015873 0.714286
0 0.789683 0.329670 0.027778 0.659341
0 0.881944 0.582418 0.009921 0.263736
0 0.908730 0.445055 0.035714 0.582418
0 0.947421 0.423077 0.033730 0.626374
0 0.983135 0.401099 0.029762 0.604396