0 0.054035 0.537736 0.108069 0.830189
0 0.124640 0.490566 0.027378 0.905660
0 0.170029 0.377358 0.040346 0.622642
0 0.278818 0.415094 0.064841 0.660377
0 0.336455 0.476415 0.012968 0.500000
0 0.380403 0.509434 0.025937 0.584906
0 0.515850 0.603774 0.069164 0.698113
0 0.578530 0.344340 0.030259 0.537736
0 0.652738 0.518868 0.011527 0.264151
0 0.706052 0.433962 0.060519 0.490566
0 0.786744 0.330189 0.057637 0.660377
0 0.876801 0.745283 0.047550 0.490566
0 0.927954 0.410377 0.023055 0.594340
0 0.970461 0.542453 0.056196 0.405660